Depth 2
312645078
312405678
312645078
312645078
120345678
312645078
312405678
142305678
142305678
142305678
120345678
312645078
312645078
142305678
120345678
312645078
312405678
312405678
142305678
312405678
312405678
312645078
312645078
312645078
120345678
142305678
312405678
120345678
142305678
120345678
120345678
142305678
312645078
120345678
312645078
120345678
312405678
312405678
312645078
312405678
120345678
142305678
312645078
120345678
120345678
312645078
312405678
120345678
312405678
312645078
312405678
312645078
142305678
120345678
120345678
142305678
120345678
120345678
312405678
312405678
312645078
312405678
120345678
142305678
312405678
120345678
312405678
142305678
142305678
142305678
312405678
312405678
312645078
312405678
142305678
312645078
312645078
312405678
312405678
142305678
312405678
312405678
142305678
120345678
120345678
142305678
312645078
120345678
142305678
120345678
142305678
312645078
312405678
120345678
142305678
312645078
142305678
312645078
312405678
142305678
Depth 4
312475680
142358670
312475680
142375680
032415678
125304678
312605748
312605748
125348670
140352678
312645780
125348670
142358670
125304678
142375680
142375068
125348670
142375680
310452678
140352678
125304678
310452678
142375680
125348670
312645780
032415678
312645780
125304678
312458670
125348670
125304678
310452678
142375068
312475680
142358670
320415678
032415678
312645780
310452678
312475680
142635078
312605748
310452678
312605748
312605748
312605748
310452678
125348670
312458670
142375068
125304678
140352678
125348670
310452678
142375680
312645780
142375680
032415678
142375680
042135678
320415678
312605748
312458670
125348670
312458670
312645780
125348670
125304678
140352678
125304678
140352678
320415678
312605748
142358670
140352678
312645780
125348670
312475680
125304678
312645780
142375068
312605748
312605748
125304678
125304678
312458670
125304678
125304678
312475068
125304678
042135678
042135678
310452678
320415678
125304678
312475068
312605748
140352678
312645780
312645780
Depth 6
142307685
320615748
125348067
312408657
142705368
154302678
312705468
125308647
312658740
312458067
420135678
325418670
125308647
042175368
312407685
125634078
025134678
012365748
125634078
125374068
310642785
310472685
142635780
432105678
014352678
312604785
125634078
420135678
310642785
432105678
312407685
012365748
310642785
125308647
312458067
310642785
320615748
125374680
310642785
312604785
312765048
310472685
310642785
432105678
142307685
312604785
142605738
125348067
312705468
125348067
310642785
125348067
032615748
125634078
142308657
420135678
320615748
025134678
312658740
320615748
014352678
310642785
142635780
012375468
031452678
142605738
142307685
142635780
310642785
312658740
142605738
312658740
125634078
312765048
125374680
025134678
312705468
325401678
310642785
125374680
312705468
312658740
310642785
014352678
012365748
351402678
432105678
320615748
125348067
125348067
310642785
142635780
312458067
310642785
142308657
320615748
312765048
432105678
142307685
312408657
Depth 8
235104678
312508467
140652738
162305748
350421678
035421678
432175068
032715468
140652738
351642078
125387640
312608754
154372068
432615780
312647085
312608754
325641078
351428670
431502678
432175068
012348657
425138670
140382657
120375468
012364785
015328647
125638047
431502678
312765480
425103678
125408367
125408367
142387650
312648057
235104678
150328647
312765480
025148367
420175368
120385647
142603785
025174368
312765480
425138670
120375684
351602748
031642785
425103678
351602748
014372685
432615780
125634780
425103678
310482657
325418067
125387640
125634780
025148367
125704368
012364785
312608754
142387650
142603785
012348657
154328670
042158367
315624078
325418067
025341678
025148367
420175368
125387640
250134678
042158367
431652078
025148367
051342678
312508467
125634780
142508367
031642785
432175680
125638047
031642785
125604738
012645738
025138647
025148367
125408367
162305748
025138647
235104678
432175680
025148367
312487065
154372680
042158367
154372680
314652078
140752368
Depth 10
425138067
041362785
125378460
184302657
025371468
254138670
250174368
310762485
025164738
325701468
351702468
154702368
154632780
732105468
127345680
534102678
235614078
142608753
312758046
351702468
142607835
314672085
125468037
310682754
632145078
632145780
125368740
314652780
312758046
172305684
245108367
631752048
170352468
125748360
012385647
310762485
162345780
154702368
160352748
631752048
042163785
312607845
042163785
254103678
154702368
025361748
158302647
245108367
245108367
310762485
315604728
325108467
631742085
250148367
632104785
632705418
631402785
432158067
341625780
170324685
045123678
250148367
732105468
314672085
250148367
245108367
312706485
312704865
235148670
541302678
472315068
250341678
432107685
162345780
042187365
128304657
632715480
315628047
350428617
250174368
324601785
315604728
275104368
245108367
340621785
350621748
325608714
120635784
340621785
315628047
245108367
150374682
012387465
154602738
712345068
632705418
162304785
250148367
158327640
012643785
Depth 12
142675830
312867045
430215678
053412678
341205678
350628714
427135680
354218670
124365780
037421685
125607834
158427360
162734085
453612078
371642850
631542078
430215678
450182367
184502367
184327650
612435078
162705438
063152748
172405638
428103657
235618047
012368547
245308617
154628730
413602785
123604785
371802465
632108754
312867045
512408367
325604781
125346078
731452068
341802675
715204368
162308754
425613780
035471682
025137468
125603478
361702485
134682075
534172068
254178360
431602875
025168437
162734085
420187365
612435078
142603857
462103785
054213678
324615078
351604782
047152368
045218367
132605784
470162385
124306785
125308476
245168037
632704815
312874065
710342685
574102368
610432785
381502467
125748036
630142785
254107368
245168370
154628730
243105678
240185367
025168437
125406378
415208367
432608517
631742850
125487036
314682057
125748036
025187364
541372068
172635084
341702865
032714865
381602754
043172685
158327064
425308167
061432785
432681750
162358074
720135468
Depth 14
162804375
542138067
254106738
432675810
351807462
358102467
370452168
320815647
412538067
145603728
025613748
640312785
612743850
275108346
154683720
534108627
150728346
132605478
125408673
143672085
143602758
174603852
314685072
358102467
514203678
120357648
042375618
345601782
014653782
310762548
120475386
127405368
631802475
428107635
731528460
612305478
325706481
612483075
541307682
258301467
145603728
341872065
315764280
132605478
623401785
631872045
128634570
182465370
054218637
437621085
412805367
432758016
450128376
150827364
164502378
013462785
741632085
510328467
258107634
054273168
180452367
410382675
254317068
043621758
431607852
041372865
235408167
632817045
631704852
258613047
125807436
120345786
125607348
254618037
631508724
341825670
327645018
270134685
340761852
124308675
031258467
275106384
172658340
142873650
631725840
254308167
310462758
082145367
027135648
152608347
254108376
370452168
031642857
152438670
512308647
341658072
063421785
258147036
124653078
480172365
Depth 16
158634072
320514687
318602457
362705481
215306478
182306457
514273068
631728045
017345682
012354687
145602783
381625047
420187653
123804675
015387264
534617082
482105376
321406785
310746852
125806734
047215368
472308651
345128067
025378164
063541782
610235784
258307164
782105364
015627348
342715068
312754068
320674815
140673852
650134728
145307628
032654718
142368750
314728056
315208764
512308476
381475620
631754820
328571064
571308426
381624075
187302456
123704865
725134068
182634750
328457160
043682751
031625478
125307846
548102367
625438170
832604715
250418376
450318627
317402658
152376480
157824360
312846075
417302685
024358167
324705168
034651728
045216378
432176085
624713085
157402386
120485736
610832754
426107385
082174365
458302167
725408316
714305682
423185670
028457136
320641758
072415683
742185360
258604137
014352867
318657024
023165748
024165378
634715082
580142367
485127360
015468237
148205367
031852647
361405782
512308764
180462375
610754382
640321758
327165480
123458670
Depth 18
625714083
250314687
032764185
415368720
285304167
182745036
184267035
081372564
072318654
457208136
142385760
643102578
471302658
614708325
570143682
458207163
120347856
410352768
038254167
154873620
327485016
315642870
381706542
457231680
253406718
642713058
015372864
613802745
158604732
351682047
026371854
543208617
571642038
024176835
348701652
312607458
274351680
273415680
132645087
034871652
241365078
285134670
481325067
612738045
341627085
843201657
046172835
043625178
457203681
065248173
310468725
087412356
625174380
124307658
264735018
251406378
643581072
812346057
047823165
372508416
483651027
023615478
043165782
318625074
280364715
510328746
173602485
128604375
742308156
483502671
126708354
127365084
763125480
632587410
210358764
028175364
275381640
763401852
762831054
761432580
084351672
681205437
763451082
158237460
340528167
037142685
045328716
381462075
142685370
420315768
734601852
130672485
754268130
031542687
614872350
162753084
317582064
725364018
042318675
458206137
Depth 20
057284136
085237146
763821450
087312465
451702638
640781352
257368041
257408163
147306852
430716852
250438716
534672810
285314076
025768413
450782163
731806542
610834572
063821547
520184673
810642753
580216374
250876134
143605827
731456820
410635278
824175360
523468170
210348675
724306815
583147620
483207651
038641725
031287546
634701258
063715284
481207356
152607438
170384265
013852674
057423168
630871524
458726013
025748163
314607285
253107648
518364072
840127536
450137628
485237160
461372058
843651072
137604285
361784052
162453780
612785430
427508163
627145038
713602458
621305748
248615370
185623047
168203754
380716452
381274650
025146783
250367418
372806415
258173460
732604851
470632851
075148326
210364875
145728630
623104875
584127630
351608472
058276134
435267018
258603174
023187654
542807316
420138765
361405827
163725840
248517360
460512378
583241067
528413670
051628734
518364072
743602851
610374582
140763582
630872541
320158647
327468150
458601237
165708324
358247016
350682741
