Depth 2
312645078
312645078
312645078
312405678
120345678
120345678
312405678
312645078
142305678
120345678
142305678
312405678
312405678
312645078
312645078
142305678
120345678
312405678
142305678
312405678
142305678
312645078
120345678
142305678
142305678
312405678
312645078
120345678
312405678
312405678
312645078
312405678
312405678
120345678
312645078
312405678
120345678
142305678
142305678
142305678
120345678
312645078
120345678
142305678
120345678
120345678
120345678
312645078
312405678
142305678
312645078
312405678
120345678
312645078
120345678
120345678
120345678
312645078
312645078
142305678
142305678
120345678
312405678
312405678
142305678
142305678
120345678
142305678
120345678
312405678
312405678
120345678
312405678
312405678
120345678
142305678
120345678
142305678
312645078
142305678
312405678
312645078
120345678
312405678
312645078
120345678
312405678
312405678
120345678
312405678
120345678
142305678
142305678
312405678
142305678
312405678
312645078
142305678
312645078
142305678
312645078
312645078
312645078
142305678
120345678
142305678
142305678
312405678
312645078
120345678
120345678
142305678
312645078
312645078
120345678
120345678
142305678
142305678
142305678
312405678
312405678
142305678
120345678
312645078
312645078
312645078
142305678
312405678
142305678
312645078
142305678
312405678
142305678
312645078
142305678
312405678
142305678
312405678
312645078
312645078
142305678
120345678
312405678
142305678
120345678
120345678
312405678
120345678
312405678
312645078
312405678
120345678
312405678
142305678
142305678
312645078
120345678
142305678
120345678
312645078
142305678
312645078
120345678
312405678
312645078
312645078
312405678
120345678
120345678
312645078
120345678
120345678
142305678
312405678
142305678
312645078
312405678
312645078
312645078
142305678
142305678
142305678
312405678
142305678
312645078
312405678
312645078
142305678
312405678
312645078
142305678
312645078
142305678
312405678
312645078
142305678
142305678
120345678
312405678
312645078
Depth 4
042135678
125304678
125304678
142358670
312475680
125304678
142358670
140352678
142635078
142635078
312605748
310452678
125348670
312645780
312605748
125348670
312605748
142635078
142635078
312605748
125304678
142375068
125304678
312645780
142635078
125304678
125304678
125348670
312605748
142358670
142635078
125304678
320415678
042135678
312605748
310452678
140352678
142375680
140352678
125348670
312645780
125304678
125348670
312605748
042135678
312645780
125348670
032415678
140352678
312645780
312605748
312605748
032415678
142375068
310452678
312645780
142358670
312645780
140352678
142375680
142635078
310452678
312605748
142635078
142635078
042135678
125348670
142635078
142375680
032415678
312605748
042135678
125304678
125304678
125348670
312605748
312605748
125348670
125348670
312605748
312645780
125304678
312605748
032415678
125348670
312645780
312458670
320415678
312475680
142375680
312645780
032415678
312605748
312475680
125304678
310452678
125348670
140352678
312475068
142375068
142635078
312605748
125348670
320415678
142635078
125348670
125348670
125348670
320415678
142635078
042135678
312605748
312645780
142375068
310452678
142635078
312475068
042135678
312645780
125348670
125304678
125348670
142358670
032415678
032415678
312605748
125304678
140352678
310452678
142375680
312645780
142375068
310452678
312605748
312645780
125304678
142375068
125304678
312605748
142358670
142375680
310452678
125304678
140352678
042135678
125304678
042135678
142375068
142635078
125304678
312645780
142375680
032415678
125304678
310452678
142635078
032415678
312475680
320415678
032415678
310452678
310452678
125304678
312645780
310452678
125304678
312645780
142375068
312475680
125348670
142358670
125304678
125348670
312475068
042135678
312605748
042135678
312645780
125348670
125304678
312458670
142375680
312605748
312475680
125348670
312475680
142635078
312605748
320415678
320415678
312475680
312475680
312475068
125348670
312475068
142635078
125348670
142358670
312645780
312605748
Depth 6
312604785
312407685
312765048
310472685
125374068
125374680
312407685
325401678
142307685
012365748
312705468
432615078
312705468
150324678
015324678
014352678
142635780
310652748
125348067
125348067
012375468
031452678
025134678
142705368
125374680
042175368
125348067
142605738
312604785
142307685
312458067
312658740
125308647
125348067
125308647
420135678
125348067
012375468
014352678
420135678
310642785
325418670
312407685
325401678
012365748
125348067
150324678
432615078
310652748
142307685
015324678
325418670
310642785
432105678
312408657
150324678
312765048
031452678
310652748
310472685
312407685
312458067
312604785
312658740
125308647
312408657
312604785
150324678
125308647
312765048
320615748
432105678
325418670
310472685
125634078
154302678
310472685
325418670
320615748
142605738
312658740
320615748
150324678
325401678
015324678
432105678
312604785
310642785
312407685
125348067
025134678
310652748
015324678
312407685
125374068
031452678
320615748
025134678
325418670
142605738
012375468
150324678
032615748
320615748
042175368
142307685
432615078
432105678
312705468
031452678
154302678
125348067
012375468
125308647
325401678
312705468
312408657
142705368
032615748
125308647
312604785
142307685
325418670
310642785
312407685
310642785
142308657
012365748
125348067
310642785
025134678
312658740
325401678
042175368
142635780
432105678
312604785
125374680
320615748
420135678
015324678
312765048
420135678
142605738
012365748
015324678
125374680
312765048
125634078
125348067
312604785
015324678
042175368
012365748
312604785
125374068
310652748
312408657
432615078
310472685
125308647
312407685
031452678
125374680
125348067
025134678
312604785
125308647
125308647
125348067
032615748
325401678
015324678
125348067
325418670
125308647
310642785
012375468
142605738
140372685
310642785
142635780
125308647
125308647
012375468
012365748
325418670
312604785
310642785
012365748
125348067
312658740
312408657
310642785
312408657
312658740
042175368
142307685
312458067
150324678
Depth 8
031472685
341602785
025148367
325471680
312758460
351472680
312608754
031472685
031472685
312648057
120745368
312758460
325408617
140382657
312508467
014372685
320715468
351602748
172305468
315204678
172305468
432605718
312684750
042165738
312608754
312608754
432615780
031652748
325471680
325408617
125638047
174302685
125634780
031472685
325471068
432615780
312765480
125638047
312758460
042165738
120365748
312765480
320418657
312608754
430152678
325601748
025148367
125704368
325618740
310482657
431502678
325418067
032614785
150328647
120375684
042158367
035421678
430152678
042137685
312487650
025148367
312508467
425138670
120365748
351642078
351472068
142603785
031472685
125704368
315624078
325471068
140752368
432175680
125604738
032715468
315204678
125634780
632105748
312658074
314652078
425103678
341602785
341602785
015328647
042158367
142765038
012358467
351472068
312684750
420175368
312684075
025174368
351602748
012745368
351472680
371402685
341602785
015328647
632105748
125604738
025138647
012358467
310752468
341602785
120375684
142637085
031642785
312684075
312765480
154328670
320614785
632715048
162305748
054132678
012364785
351642078
120375468
172305468
325618740
125408367
351602748
014372685
031642785
430152678
425138670
142508367
632105748
632105748
632105748
235104678
371402685
140632785
432158670
042158367
425103678
431502678
012364785
125704368
312508467
431652078
031652748
125408367
325601748
042138657
431502678
031472685
042158367
425103678
154328670
325618740
312658074
314652078
312684075
312684750
371402685
142508367
025174368
312765480
042165738
042165738
125408367
432605718
632105748
031642785
125408367
012645738
312764085
312487650
315204678
320614785
015328647
140752368
341602785
014372685
312658074
125408367
425138670
120385647
312658074
012348657
350421678
174302685
042158367
425103678
025148367
351472680
015328647
125704368
015328647
432615780
142603785
125408367
350421678
632715048
031642785
235104678
172305468
025138647
310752468
172305468
Depth 10
162304785
432705168
182305647
420635718
325641780
435621078
025348617
632158740
310682754
042187365
431702685
314528670
125603784
425173680
371482065
071342685
425108637
351407682
162345780
632714085
732415068
312607845
315628047
325487610
162358740
432617085
035214678
012375684
025137684
314572068
312508674
632104785
012358674
142683750
162304785
425108637
732415068
351702468
162345780
162345780
340621785
340621785
154702368
127345680
127304685
072415368
324601785
325407681
351428067
025371468
150327684
125764038
472158360
254138670
315628047
150428367
142708356
314572680
341625780
025164738
452108367
172365480
325108467
314572068
425108637
125306748
150624738
314702685
325618074
125468370
631402785
431572680
172358460
310762485
120364785
310682754
325108467
162735048
275104368
125764038
174382065
431672085
325608714
431528670
134602785
250148367
631742085
158327640
425108637
125487360
245108367
425107368
310524678
510342678
314528670
014752368
325618074
350621748
015428367
631752048
712405368
034512678
312508674
062135748
041362785
420138657
125648730
043152678
154602738
125306748
120358467
014632785
125387064
325108467
172365480
420137685
154308627
430172685
472158360
328417650
632104785
425178360
510342678
043152678
015428367
325648017
125487360
432108657
128347650
015724368
312508674
472165380
142763085
431702685
154602738
158327640
025137684
325108467
170324685
125468370
154602738
325648017
015327684
162345780
012375684
351628740
325608714
125378460
430172685
032475168
328401657
430652718
350428617
432705168
425108637
154328067
312704865
120485367
142568370
245108367
431602758
071342685
154328067
325608714
035214678
127345680
341625780
314702685
140762385
350214678
371482065
314602758
425108637
315628047
012384675
632104785
245301678
025371468
162304785
315624780
031482657
314652780
035214678
325618074
162304785
312568047
162358740
012384675
254103678
154702368
245108367
312764850
472165380
072135468
140582367
425138067
312608547
327415680
341682750
420158367
Depth 12
042178356
371602845
158402367
450231678
128357460
120648537
428103657
042168537
310672845
320475168
341702865
128547360
425106738
371602845
125648073
162405378
631482750
371642850
128307645
164702385
061432785
614502738
324761085
014358627
251304678
312604857
140632578
327405618
254107368
614732085
430215678
325718046
184352670
341702865
510362748
170352684
128354067
312578064
240315678
310574682
162308754
425613780
152308674
312867450
032645178
612435078
612435078
124306785
162384750
062145378
732165480
310642857
314702568
130624785
250164738
425107683
125607834
032817465
127634085
310642578
250137684
312805647
571302468
314802657
620134785
731502468
310682547
125708346
312687540
018324657
182405367
128347065
128354067
312675840
612435780
042631785
315248067
215403678
128504367
630421785
350641782
042631785
425106738
324615078
542138670
620415738
453128670
432681750
125607834
631742850
034162785
140358627
312476085
235148067
632714850
328601754
320685714
320645781
154628730
240153678
031762485
254108637
025418637
312584670
630142785
425106738
142507386
314605782
324761085
432618570
012358746
312706854
482107365
240185367
032675418
314605782
631702845
428157360
012635784
315248067
235187640
452168370
140632578
631702845
631702845
631742850
025187364
134762085
312705684
610432785
015628437
372405681
350628714
245318067
625103748
631482075
381452067
150634782
025368714
314702568
174308652
015327468
142507386
340681752
625138740
125607834
031582467
350218647
145623078
412503678
320465718
341608752
025187364
427103685
054128367
631742850
150384627
420163785
128347065
182635047
472108356
512304678
162405378
532418067
034621785
732415680
125807364
631702845
435208617
124306785
120465378
054128367
125807364
712458360
031682754
350481627
047152368
254108637
170352684
631482750
028341657
425308167
310642857
731502468
428157360
017324685
245187360
435208617
024361785
025168437
710452368
631702458
310872465
310285647
450231678
265104738
251304678
420175683
432681075
054128367
Depth 14
045182367
140378652
328501674
362415780
415308627
182465370
143672085
142806735
435628170
328507416
460321785
154728036
187304652
428107356
431862075
132605478
046152738
015627834
031562478
472301685
247105368
423518670
642105378
630742815
162734850
025148736
431657082
714528360
315602478
612375048
432675810
048123657
012765438
612375048
125803674
470652138
210435678
310572486
182374650
314608725
420637815
247105368
120376485
740182365
031842675
054163782
125603847
142675083
614702835
350624781
610732458
315607824
428153067
240165378
245106378
162508374
123645078
162475038
540162738
430612578
340812657
425763180
324608751
521308467
631405728
735421068
461325780
128364750
127604835
380521467
310862457
420615783
512308647
031762854
428165037
541632780
731602485
425317680
342605781
371205468
357421680
452106378
058142367
432706185
158462037
124386750
532108674
162508374
315608742
415328670
165304728
382105467
012465378
235408167
128637045
325708164
215438067
631782054
245608137
431862075
412365780
031462875
024315678
014258367
045128376
031742865
057412368
431852670
452108673
714602385
142653087
127604835
265108437
061732458
425763180
152408637
012387546
631872045
152307486
245187036
324765018
072458136
615428037
420178356
458102637
632745810
245107386
132605478
452107386
041368752
032468517
432701865
012547386
124365078
342701685
380521467
031625784
031762854
245187036
412306785
258147036
612735084
258301467
143672085
284105367
452108673
147502368
631872045
631528074
415308627
174358620
231645078
428153067
251374680
327641850
614382075
314607852
043182657
317502468
310674852
128435067
435627081
312754680
127645830
381652740
630741852
380621754
631425078
250174683
025167348
157382064
731602485
180325467
534702168
032674815
472635180
450218367
258137064
430781652
074162835
126704385
041325678
642358710
062184375
310648752
342605781
430612857
031645728
142675083
128357046
182635470
034681752
631405728
324701865
025187436
062138754
258147036
425368170
127385460
017362485
Depth 16
031782564
415206378
641205738
625104378
412365078
351702684
258347061
042713685
237145680
625184730
732418560
415327086
317402658
042578136
134562078
152384067
154786032
380641572
427803165
258174630
128506374
417532680
351802647
158207436
254368170
210357468
142705836
218307465
614703852
150726438
381604572
072154368
310675824
250368147
631754820
732814650
352601784
315768042
257341680
014673852
420765183
427106835
352601784
635208147
541208367
380641572
350471268
231508467
142705836
834612057
240615738
134205678
324601578
610724358
372604815
451623078
431675028
034617852
352104678
640152378
312847056
318605724
127358064
142865730
345681720
453762180
152384067
312608475
320481675
150348267
018354672
632147850
257108364
382604751
631754820
327615084
520168347
280347615
312746058
420316785
371605824
528137460
461732850
610734852
320716548
034528167
312504768
215648037
354718260
215347068
127306845
542308167
345128067
643751082
245638170
310758426
371864052
632807415
148302675
314205768
631785042
514362078
031852647
042318567
310682475
428167530
631725084
258361047
065218437
014762853
635401782
081362547
018427365
421635078
148302675
013482675
324805617
342705618
180652437
031852647
358162047
215308746
013642758
037512468
128364075
358127046
265187430
150827436
250146378
354108267
528137460
460182537
264381075
127438065
612705834
326715048
341807652
538201467
312407856
024138675
650213784
630712548
230485167
634781052
245807136
257183064
326705418
631472580
654218730
145378620
152807346
480132675
571402638
761302845
462518037
450128763
321745680
361705428
124605378
042613758
342615870
254618370
473602815
312468750
257103468
431706582
352408671
631754082
140756382
320481675
372458016
125734086
142563780
612738450
120356478
125804376
631725084
315807264
631458072
170425368
431867052
071245368
064182735
264105378
157824360
257401368
284301675
412305687
372408156
725108436
326715048
257184360
345128067
258403167
462375018
380561472
357421068
124378650
340618725
325706148
Depth 18
640372815
058241637
287145360
032845167
315408726
150864327
528167034
614205378
610243785
741638052
638251740
150624873
317428065
561724038
275806134
325617048
613725048
018326475
028175364
712365840
128407653
725108364
725638140
371824650
361408725
345102678
082364751
053762148
172368540
632487015
650234781
275603184
650243718
531208647
631258470
286105437
082475136
213685074
510328746
210384657
361402587
713482650
156408327
635827041
256108734
275108634
625378014
280457136
038654721
548207136
057241368
082435167
485127036
453608217
735428160
634705812
483502671
150342687
752104368
061735824
253108467
421375068
420318567
372104685
082164735
215348076
430651278
310784526
531806472
432857061
146702358
615342780
548207136
124508376
321605847
318275640
147205638
051378264
512708346
031258746
241385670
410652378
173204685
320758146
631502874
176402385
432807651
012465783
154687023
245306718
710342856
047125386
716432085
714608352
058317264
415602738
265408317
735218046
028316745
357621084
432805176
125834067
482605317
365104782
285104376
325807614
246135078
381702645
285301647
250187643
032465187
032874165
248501367
042713568
028416375
341702658
462758031
714306852
620458173
175208364
574318026
028136475
163482075
132875640
412706835
153274680
462718530
231508674
145308726
367801452
532478160
214635780
048157362
264175038
082435167
264315078
145302768
071482356
750248136
257148630
028156374
175603824
158206347
158203467
357201468
410782365
071536482
653401728
325104768
641235078
348621750
642801375
285304167
326701548
035672481
012435768
073462815
127306458
310425768
731502684
284137065
745263180
124387560
142308765
146305728
370851426
310654278
021634785
528301647
763841052
310428675
642703851
762308451
148652037
243508167
514208376
018523647
714632580
164732580
250147638
014527368
762105834
275486130
062437185
453801672
730421865
128507634
352618470
425801367
523108647
032485761
520417386
280451637
631708542
681302745
548203167
624705831
712305486
287105346
263105748
Depth 20
530412867
348207651
564218037
710582364
164837052
248175036
351682470
823401675
458607213
568247130
153706842
342657810
320158647
054231687
156708423
674301852
230671845
462157038
042715386
268107435
428531067
280315647
340681275
760123854
063851742
437561082
640712583
457623810
054186327
287106354
143706582
147632580
518206374
436802175
732685041
482735160
450782163
134582670
450721386
548237016
618207435
834621750
721635084
763801542
345671028
013285674
481207356
354107628
058137246
042167358
156278034
063471825
150384276
254308671
371502864
713604852
432718065
426305718
012874356
861402735
548102736
580426137
361475280
321405687
317285460
012853647
016375482
251683740
041368527
426807135
480357126
138457026
640532178
074631852
681302457
630485721
472581360
731504628
438107652
158643270
354721860
218643570
362805174
025684317
014386752
158702463
150362847
518372640
760831452
468152370
760413852
052368741
261508347
123867045
461705238
623718045
730261845
154203768
258406173
614208357
237458160
086152374
452701368
580431627
041652783
371826540
634875012
128567430
357104268
763415028
174652380
146205378
132408675
315704826
635402718
230156478
283507164
640753821
023178645
625318047
610528374
764301825
128735460
254376018
750142368
451702638
861402735
120457836
054237186
123805764
584107236
187506324
320751864
714205638
628701354
548276130
215684073
035826741
340861572
012348765
728315046
023185764
742361085
324187065
857201364
215604378
473605821
564328170
650328741
572168340
328507164
352714860
314568720
163702584
265734810
562738041
728106354
654108273
832651074
028537146
023145786
630174852
270185634
610452387
580237641
420317865
420736518
824613075
658324170
814632750
426305718
284603175
315807426
064351782
028437516
458236170
132674850
631805274
150237486
154327860
245736018
570463182
720164385
572184360
430165782
340721658
364512078
314205876
720645318
810642753
537402618
381547062
763421580
218634075
320754681
450278316
741306582
046731852
025381476
257106483
